5,16,2.31300509846334550000e-011,-2.07550227386394640000e+000,-2.07550227386394640000e+000,2.07550227386394640000e+000,2.07550227386394640000e+000
tiempo: 0.484230
11,15,9.06227924765273920000e-011,-2.15629285158908510000e+000,-2.15629285158908510000e+000,2.15629285158908510000e+000,2.15629285158908510000e+000
tiempo: 0.586548
21,15,2.84969026317706700000e-011,-2.17173008198989900000e+000,-2.17173008198989900000e+000,2.17173008198989900000e+000,2.17173008198989900000e+000
tiempo: 0.604323
31,15,5.35403657253309950000e-011,-2.17489662642221800000e+000,-2.17489662642221800000e+000,2.17489662642221800000e+000,2.17489662642221800000e+000
tiempo: 0.617912
41,15,4.10166475817428450000e-011,-2.17604842510796770000e+000,-2.17604842510796770000e+000,2.17604842510796770000e+000,2.17604842510796770000e+000
tiempo: 0.628935
51,15,6.57574899202052200000e-011,-2.17659140369366040000e+000,-2.17659140369366040000e+000,2.17659140369366040000e+000,2.17659140369366040000e+000
tiempo: 0.640662
61,16,9.43517073402601880000e-012,-2.17689161457402940000e+000,-2.17689161457402940000e+000,2.17689161457402940000e+000,2.17689161457402940000e+000
tiempo: 0.652276
71,15,5.32037366419849990000e-011,-2.17707301675885880000e+000,-2.17707301675885880000e+000,2.17707301675885880000e+000,2.17707301675885880000e+000
tiempo: 0.665638
81,16,1.19113725085741280000e-011,-2.17719231838585530000e+000,-2.17719231838585530000e+000,2.17719231838585530000e+000,2.17719231838585530000e+000
tiempo: 0.680232
91,16,1.32038436802207470000e-011,-2.17727431387326710000e+000,-2.17727431387326710000e+000,2.17727431387326710000e+000,2.17727431387326710000e+000
tiempo: 0.697478
101,16,1.55849874331399280000e-011,-2.17733293376258490000e+000,-2.17733293376258490000e+000,2.17733293376258490000e+000,2.17733293376258490000e+000
tiempo: 0.710314
201,16,4.18717319434810730000e-011,-2.17752254809802310000e+000,-2.17752254809802310000e+000,2.17752254809802310000e+000,2.17752254809802310000e+000
tiempo: 0.737017
301,17,1.06697822270632290000e-011,-2.17755781302946930000e+000,-2.17755781302946930000e+000,2.17755781302946930000e+000,2.17755781302946930000e+000
tiempo: 0.832686
501,17,2.37383799129980020000e-011,-2.17757603914366360000e+000,-2.17757603914366360000e+000,2.17757603914366360000e+000,2.17757603914366360000e+000
tiempo: 1.134654
751,17,5.15413098877642800000e-011,-2.17758177222982230000e+000,-2.17758177222982230000e+000,2.17758177222982230000e+000,2.17758177222982230000e+000
tiempo: 1.636801
1001,17,7.43120070675270850000e-011,-2.17758373315598950000e+000,-2.17758373315598950000e+000,2.17758373315598950000e+000,2.17758373315598950000e+000
tiempo: 2.725280
3001,18,6.56951098100741460000e-011,-2.17758575486340920000e+000,-2.17758575486340920000e+000,2.17758575486340920000e+000,2.17758575486340920000e+000
tiempo: 12.267697
